sources:
  systemd-251.20221020.tar.xz: 1ee19977d8d613731c0bc4b52eed34bc4d8ed699
  systemd-251.20221027.tar.xz: 2266b192615676aae9c52a4d6074ffbaaa558a41
